[GENERAL]
CameraModel=Infratec
CameraSerial=
LensModel=
LensSerial=
Settings=
Version=2
Name=Result calibration (Infratec_VarioCAM_HD_15mm_11-16-2015_Preston)_1024x768
[PARAMETERS]
fx=883.5230667826110700
fy=884.2400341059731200
k1=-0.4164950117338272
k2=0.1101340143848572
k3=-0.1163151291620893
k4=0.014161121599297899
Cx=529.9796605360121600
Cy=400.7770650611840000
p1=0.00072627018573699994
p2=-0.0001515209871080
Nx=1024
Ny=768
dx=0.0000170000000000
dy=0.0000170000000000
